-20 -21
-11 -18
-29 -20
-14 -20
-25 -20
-33 -19
-28 -18
-27 -21
-27 -19
-28 -23
-21 -23
-27 -17
-26 -16
-18 -15
-23 -16
-22 -19
-15 -19
-20 -20
-15 -20
-23 -19
-21 -19
-20 -18
-26 -21
-18 -16
-23 -12
-32 -23
-23 -15
-20 -24
-28 -15
-28 -19
-27 -16
-14 -17
-16 -14
-24 -16
-19 -11
-22 -11
-27 -20
-16 -28
-27 -21
-14 -19
-24 -20
-19 -15
-24 -13
-25 -16
-17 -24
-16 -20
-18 -14
-28 -23
-27 -20
-16 -16
-28 -20
-21 -17
-16 -19
-21 -19
-24 -14
-32 -19
-26 -19
-15 -19
-28 -20
-23 -21
-19 -23
-28 -12
-27 -20
-20 -21
-26 -11
-16 -19
-19 -15
-24 -17
-28 -20
-19 -15
-29 -20
-16 -19
-24 -24
-24 -21
-15 -19
-32 -19
-17 -23
-27 -18
-28 -16
-27 -16
-23 -20
-20 -16
-24 -20
-18 -20
-19 -23
-28 -23
-24 -23
-16 -23
-28 -23
-20 -23
-32 -19
-25 -16
-16 -21
-13 -12
-20 -23
-20 -21
-18 -19
-24 -18
-18 -16
-18 -24
-21 -11
-22 -18
-19 -17
-14 -16
-21 -15
-19 -23
-23 -23
-15 -23
-27 -21
-24 -23
-17 -15
-19 -21
-32 -17
-20 -19
-16 -21
-28 -20
-18 -16
-18 -15
-22 -21
-25 -20
-21 -16
-18 -12
-22 -17
-19 -20
-25 -23
-27 -20
-21 -24
-23 -15
-23 -23
-24 -23
-23 -20
-27 -17
-16 -21
-26 -15
-19 -21
-21 -16
-27 -16
-22 -16
-18 -16
-18 -12
-24 -16
-30 -23
-19 -16
-24 -16
-16 -19
-18 -16
-26 -11
-21 -19
-26 -23
-16 -20
-33 -17
-23 -15
-19 -19
-28 -14
-28 -20
-28 -19
-33 -19
-18 -21
-21 -19
-21 -20
-15 -23
-28 -16
-19 -17
-23 -20
-19 -16
-19 -21
-18 -13
-23 -21
-15 -24
-22 -16
-15 -21
-29 -18
-27 -24
-12 -18
-20 -16
-17 -21
-17 -15
-22 -23
-12 -16
-24 -18
-29 -20
-23 -12
-15 -18
-23 -16
-20 -11
-23 -13
-18 -20
-26 -15
-24 -19
-20 -19
-24 -18
-15 -20
-28 -16
-16 -11
-23 -16
-27 -18
-28 -19
-24 -15
-23 -15
-23 -13
-28 -20
-26 -16
-24 -23
-28 -16
-27 -16
-24 -21
-24 -18
-21 -19
-26 -16
-24 -16
-21 -17
-20 -19
-16 -20
-26 -20
-28 -23
-18 -15
-19 -21
-17 -16
-21 -15
-20 -23
-11 -18
-12 -25
-20 -15
-15 -19
-19 -20
-24 -23
-19 -21
-24 -16
-13 -11
-24 -23
-29 -14
-14 -19
-25 -16
-17 -24
-25 -19
-24 -19
-23 -21
-21 -17
-18 -19
-16 -20
-28 -23
-14 -11
-17 -15
-32 -17
-20 -20
-26 -16
-24 -19
-24 -16
-20 -16
-17 -15
-16 -11
-19 -19
-15 -16
-22 -16
-32 -19
-23 -23
-20 -21
-21 -12
-27 -20
-19 -28
-16 -21
-19 -23
-15 -19
-18 -19
-24 -18
-20 -19
-30 -23
-19 -20
-20 -16
-21 -18
-23 -16
-13 -28
-28 -23
-26 -16
-15 -16
-27 -20
-16 -25
-24 -14
-17 -16
-24 -16
-29 -23
-21 -15
-11 -19
-24 -19
-20 -18
-28 -20
-19 -21
-18 -13
-27 -20
-23 -18
-21 -19
-21 -23
-16 -23
-25 -19
-15 -21
-11 -23
-27 -20
-18 -20
-15 -12
-27 -23
-28 -16
-24 -21
-21 -19
-20 -16
-17 -22
-20 -16
-29 -16
-19 -8
-19 -21
-20 -19
-13 -19
-19 -21
-19 -12
-19 -21
-23 -21
-28 -24
-18 -23
-27 -16
-28 -23
-30 -21
-20 -21
-29 -14
-23 -14
-23 -16
-24 -21
-20 -16
-15 -19
-25 -18
-20 -15
-29 -23
-19 -15
-23 -19
-28 -20
-24 -12
-16 -15
-21 -23
-19 -21
-16 -18
-14 -19
-28 -19
-15 -21
-25 -18
-24 -16
-18 -16
-19 -23
-19 -20
-28 -20
-19 -16
-25 -20
-12 -16
-19 -16
-28 -20
-18 -16
-24 -13
-13 -21
-24 -18
-24 -20
-27 -20
-28 -20
-16 -28
-12 -23
-19 -16
-14 -17
-18 -16
-18 -23
-19 -21
-25 -19
-28 -20
-19 -21
-29 -23
-19 -23
-27 -19
-29 -23
-17 -21
-21 -23
-22 -21
-16 -16
-26 -16
-24 -19
-13 -19
-21 -16
-24 -16
-22 -16
-19 -20
-32 -19
-20 -16
-20 -23
-28 -16
-16 -7
-18 -16
-19 -18
-15 -20
-28 -20
-20 -16
-17 -13
-24 -19
-19 -20
-30 -16
-19 -19
-28 -16
-18 -12
-23 -19
-18 -19
-28 -20
-20 -16
-21 -18
-23 -25
-18 -21
-19 -17
-31 -16
-19 -28
-25 -23
-26 -16
-19 -18
-33 -16
-20 -19
-28 -20
-30 -22
-16 -19
-32 -13
-31 -17
-29 -23
-18 -21
-13 -20
-14 -21
-12 -11
-23 -16
-14 -19
-29 -23
-9 -18
-16 -20
-24 -18
-17 -19
-27 -19
-23 -19
-25 -16
-23 -24
-25 -16
-20 -19
-24 -24
-24 -16
-24 -13
-20 -25
-25 -20
-27 -21
-28 -20
-29 -23
-21 -14
-29 -23
-28 -16
-19 -19
-17 -12
-31 -23
-14 -19
-24 -23
-25 -20
-19 -16
-19 -23
-32 -19
-18 -23
-23 -18
-20 -23
-19 -14
-24 -16
-19 -19
-28 -19
-24 -23
-19 -15
-14 -19
-23 -22
-20 -16
-19 -21
-28 -20
-27 -18
-36 -19
-16 -15
-17 -18
-15 -19
-20 -15
-21 -20
-27 -16
-17 -12
-17 -23
-25 -21
-25 -16
-32 -19
-16 -15
-12 -11
-25 -20
-20 -21
-18 -20
-17 -15
-23 -21
-24 -19
-23 -16
-26 -23
-22 -19
-15 -13
-21 -13
-21 -23
-17 -15
-24 -16
-28 -16
-19 -19
-18 -20
-14 -20
-26 -21
-19 -16
-29 -21
-27 -16
-18 -28
-13 -16
-23 -16
-20 -24
-24 -7
-28 -23
-20 -11
-32 -20
-20 -21
-18 -16
-23 -13
-23 -13
-27 -16
-21 -13
-18 -16
-14 -19
-17 -25
-24 -23
-29 -20
-27 -16
-27 -16
-27 -20
-26 -16
-28 -16
-20 -11
-24 -14
-24 -15
-24 -19
-14 -16
-24 -18
-12 -25
-28 -17
-28 -20
-15 -13
-21 -23
-19 -16
-21 -16
-18 -16
-21 -19
-19 -16
-28 -24
-20 -24
-20 -24
-31 -19
-20 -24
-22 -20
-20 -23
-14 -16
-28 -19
-21 -15
-26 -19
-24 -8
-21 -19
-24 -16
-15 -25
-22 -21
-22 -16
-24 -18
-23 -16
-18 -16
-29 -23
-28 -20
-24 -18
-29 -23
-29 -19
-24 -18
-27 -23
-14 -23
-26 -16
-24 -21
-28 -20
-20 -15
-30 -23
-23 -19
-20 -16
-15 -16
-18 -15
-28 -23
-25 -21
-12 -18
-28 -23
-30 -23
-28 -21
-23 -19
-19 -21
-20 -21
-18 -28
-15 -20
-29 -23
-20 -18
-28 -20
-15 -20
-15 -21
-17 -23
-29 -20
-21 -16
-28 -20
-20 -19
-14 -13
-27 -20
-13 -24
-32 -16
-13 -13
-27 -20
-27 -19
-12 -23
-27 -16
-13 -16
-24 -15
-17 -12
-21 -19
-18 -19
-19 -11
-21 -12
-15 -24
-24 -16
-24 -18
-23 -23
-13 -16
-25 -16
-27 -20
-25 -18
-14 -20
-28 -20
-19 -16
-13 -26
-28 -23
-16 -16
-18 -15
-15 -16
-25 -24
-16 -20
-26 -19
-27 -19
-19 -19
-25 -16
-28 -16
-18 -15
-23 -23
-20 -23
-20 -23
-29 -20
-18 -23
-19 -19
-27 -20
-20 -23
-16 -24
-27 -15
-24 -23
-27 -16
-16 -20
-24 -21
-12 -21
-25 -20
-15 -16
-19 -21
-18 -24
-14 -18
-14 -19
-20 -19
-15 -16
-24 -18
-28 -19
-26 -20
-16 -19
-28 -16
-14 -19
-19 -19
-20 -15
-24 -20
-22 -17
-20 -24
-18 -15
-19 -15
-27 -21
-25 -12
-24 -21
-23 -15
-16 -15
-28 -20
-24 -19
-22 -19
-16 -20
-28 -15
-24 -16
-14 -20
-18 -21
-20 -16
-22 -25
-24 -23
-20 -23
-22 -19
-24 -18
-25 -20
-16 -16
-29 -22
-20 -13
-26 -20
-23 -19
-26 -16
-20 -24
-21 -16
-29 -23
-17 -28
-20 -23
-25 -16
-24 -15
-20 -10
-21 -18
-24 -23
-24 -23
-24 -15
-19 -23
-29 -23
-36 -19
-26 -12
-32 -23
-20 -19
-32 -17
-19 -21
-22 -19
-28 -23
-18 -15
-16 -13
-24 -12
-24 -16
-28 -20
-28 -24
-19 -21
-19 -23
-19 -17
-25 -24
-26 -19
-15 -23
-21 -20
-25 -21
-32 -19
-19 -24
-26 -16
-21 -16
-23 -19
-26 -16
-20 -23
-25 -20
-19 -16
-27 -20
-17 -20
-25 -16
-13 -19
-27 -17
-15 -16
-24 -16
-28 -23
-16 -24
-28 -20
-14 -28
-19 -23
-16 -12
-28 -14
-23 -15
-23 -23
-24 -17
-23 -13
-23 -20
-18 -12
-17 -17
-21 -16
-28 -23
-20 -24
-24 -23
-14 -20
-23 -11
-19 -20
-21 -18
-19 -19
-13 -12
-18 -24
-27 -16
-19 -17
-19 -18
-24 -18
-28 -16
-23 -23
-23 -28
-19 -11
-12 -18
-24 -19
-29 -23
-27 -20
-19 -17
-15 -16
-23 -23
-31 -19
-24 -23
-25 -23
-28 -20
-28 -19
-24 -19
-27 -21
-27 -21
-17 -16
-23 -19
-28 -23
-13 -25
-27 -20
-24 -23
-28 -20
-26 -13
-19 -16
-28 -19
-28 -23
-16 -15
-23 -21
-19 -23
-27 -19
-19 -23
-20 -25
-24 -15
-28 -20
-21 -19
-14 -23
-27 -20
-28 -19
-17 -24
-21 -23
-26 -13
-21 -16
-28 -19
-20 -16
-20 -23
-29 -21
-20 -16
-19 -18
-28 -23
-24 -19
-28 -20
-27 -20
-27 -20
-20 -23
-21 -21
-22 -19
-24 -20
-32 -20
-24 -18
-21 -18
-24 -14
-27 -18
-21 -19
-12 -16
-36 -19
-20 -16
-36 -16
-28 -19
-17 -23
-27 -23
-20 -23
-31 -15
-23 -25
-17 -16
-20 -16
-26 -12
-14 -16
-22 -15
-24 -23
-20 -19
-23 -23
-14 -14
-24 -19
-17 -18
-36 -19
-17 -12
-24 -18
-24 -15
-29 -20
-15 -15
-28 -20
-28 -20
-21 -21
-28 -21
-24 -18
-26 -21
-19 -15
-15 -19
-28 -16
-23 -23
-26 -16
-17 -18
-14 -23
-20 -19
-20 -16
-28 -23
-27 -16
-29 -23
-29 -16
-28 -23
-28 -17
-20 -15
-29 -23
-25 -21
-24 -14
-19 -16
-22 -16
-29 -23
-32 -23
-21 -19
-28 -23
-15 -17
-18 -20
-32 -20
-22 -19
-24 -11
-25 -16
-17 -21
-23 -13
-23 -19
-21 -20
-20 -24
-18 -15
-24 -17
-19 -21
-24 -23
-21 -23
-15 -19
-20 -24
-23 -24
-32 -7
-28 -18
-19 -23
-32 -19
-20 -16
-21 -16
-19 -21
-18 -23
-27 -19
-21 -16
-17 -19
-19 -19
-21 -20
-19 -23
-28 -23
-15 -15
-18 -20
-26 -17
-13 -25
-19 -16
-15 -16
-27 -20
-19 -20
-31 -23
-32 -18
-19 -23
-19 -21
-32 -19
-25 -18
-24 -16
-24 -16
-28 -12
-18 -17
-26 -13
-25 -20
-18 -20
-19 -20
-27 -20
-19 -21
-23 -15
-28 -15
-12 -11
-24 -16
-24 -16
-19 -20
-16 -19
-27 -21
-20 -15
-21 -24
-26 -18
-28 -16
-16 -20
-21 -15
-26 -16
-17 -19
-27 -23
-18 -16
-19 -14
-16 -20
-28 -19
-24 -20
-29 -23
-24 -19
-24 -23
-15 -9
-23 -25
-32 -19
-15 -20
-22 -16
-24 -15
-24 -17
-19 -16
-28 -16
-28 -16
-23 -13
-23 -24
-32 -23
-18 -20
-28 -24
-12 -23
-18 -20
-28 -20
-23 -20
-19 -18
-20 -15
-20 -21
-14 -15
-18 -21
-24 -16
-18 -15
-25 -17
-13 -16
-16 -23
-28 -19
-28 -23
-26 -17
-28 -16
-24 -21
-29 -21
-28 -23
-28 -23
-18 -21
-18 -20
-24 -20
-17 -19
-19 -15
-28 -23
-36 -19
-24 -14
-15 -20
-28 -23
-19 -20
-31 -15
-24 -19
-30 -23
-36 -16
-28 -23
-24 -19
-23 -23
-30 -20
-15 -12
-13 -19
-27 -18
-31 -19
-27 -15
-26 -16
-26 -23
-30 -22
-19 -17
-28 -20
-22 -21
-21 -24
-25 -18
-26 -20
-14 -20
-22 -19
-24 -16
-19 -18
-25 -16
-17 -16
-23 -21
-27 -23
-27 -23
-23 -20
-32 -19
-16 -20
-21 -16
-20 -16
-16 -11
-31 -19
-24 -18
-29 -19
-17 -19
-27 -20
-22 -19
-20 -23
-18 -16
-16 -19
-15 -20
-28 -21
